[gd_scene load_steps=6 format=3 uid="uid://cqkvi6thli1kq"]

[ext_resource type="PackedScene" uid="uid://elr6gss3xqpl" path="res://scenes/environments/wall.tscn" id="1_chqgd"]
[ext_resource type="PackedScene" uid="uid://csfi55oe8nmw3" path="res://scenes/environments/stairs.tscn" id="2_0kl6n"]
[ext_resource type="Material" uid="uid://untmyn22wgy4" path="res://materiales/office_walls.tres" id="2_xeqbr"]
[ext_resource type="Material" uid="uid://c0g6lhw71ihdk" path="res://materiales/reception_floor.tres" id="3_0gvfd"]
[ext_resource type="Material" uid="uid://bv2nrtjw35gj8" path="res://materiales/gym_floor.tres" id="3_7x1af"]

[node name="Connector" type="CSGCombiner3D"]
use_collision = true

[node name="Walls" type="CSGCombiner3D" parent="."]
use_collision = true

[node name="Wall6" parent="Walls" instance=ExtResource("1_chqgd")]
transform = Transform3D(0.474513, 0, 0, 0, 4.60848, 0, 0, 0, 7.45272, 0.853727, 2.83144, -0.106563)
size = Vector3(0.418945, 1.20937, 1.30006)
material = ExtResource("2_xeqbr")

[node name="Wall9" parent="Walls/Wall6" instance=ExtResource("1_chqgd")]
transform = Transform3D(1, 0, 0, 0, 0.83685, -0.547432, 0, 0.547432, 0.836852, -0.020813, 0.57855, 0.259991)
operation = 2
size = Vector3(1.76794, 0.764568, 1.56418)
material = ExtResource("2_xeqbr")

[node name="Wall7" parent="Walls" instance=ExtResource("1_chqgd")]
transform = Transform3D(0.474513, 0, 0, 0, 4.60848, 0, 0, 0, 7.45272, -2.1703, 2.83144, -2.09821)
size = Vector3(0.466675, 1.20937, 1.83454)
material = ExtResource("2_xeqbr")

[node name="Wall9" parent="Walls/Wall7" instance=ExtResource("1_chqgd")]
transform = Transform3D(1, 0, 0, 0, 0.83685, -0.547432, 0, 0.547432, 0.836852, -0.020813, 0.503581, 0.627764)
operation = 2
size = Vector3(1.76794, 0.764568, 1.62682)
material = ExtResource("2_xeqbr")

[node name="Wall8" parent="Walls" instance=ExtResource("1_chqgd")]
transform = Transform3D(-0.474513, 0, -6.51538e-07, 0, 4.60848, 0, 4.14832e-08, 0, -7.45272, 1.04438, 6.80018, 2.2293)
size = Vector3(0.344116, 1.41029, 1.92378)
material = ExtResource("2_xeqbr")

[node name="Wall9" parent="Walls/Wall8" instance=ExtResource("1_chqgd")]
transform = Transform3D(1.00001, -7.60306e-08, 5.34953e-08, 9.29123e-08, 0.797892, -0.602806, 3.14716e-09, 0.602805, 0.797894, 0.0540923, 0.600732, 0.571115)
operation = 2
size = Vector3(1.76794, 0.961385, 2.13017)
material = ExtResource("2_xeqbr")

[node name="Wall10" parent="Walls/Wall8" instance=ExtResource("1_chqgd")]
transform = Transform3D(1.00001, -1.7053e-13, -1.02318e-12, 0, 0.836854, -0.547433, 3.55271e-15, 0.547432, 0.836857, -0.0208125, -0.791706, -0.136714)
operation = 2
size = Vector3(1.76794, 0.872538, 2.56054)
material = ExtResource("2_xeqbr")

[node name="Wall9" parent="Walls" instance=ExtResource("1_chqgd")]
transform = Transform3D(-0.5, 0, -1.12537e-06, 0, 4.608, 0, 7.54979e-08, 0, -7.453, 3.96371, 6.82355, 2.2293)
size = Vector3(0.249267, 1.42043, 1.92378)
material = ExtResource("2_xeqbr")

[node name="Wall10" parent="Walls/Wall9" instance=ExtResource("1_chqgd")]
transform = Transform3D(1.00001, -1.7053e-13, -1.02318e-12, 0, 0.836854, -0.547433, 3.55271e-15, 0.547432, 0.836857, -0.0208126, -0.771092, -0.136714)
operation = 2
size = Vector3(1.76794, 0.872538, 2.56054)
material = ExtResource("2_xeqbr")

[node name="Wall11" parent="Walls/Wall9" instance=ExtResource("1_chqgd")]
transform = Transform3D(1.00001, 0, 0, 0, 1, 0, 3.55271e-15, 0, 1.00001, -0.0208082, 0.306541, -0.704585)
operation = 2
size = Vector3(1.76794, 0.872538, 0.54071)
material = ExtResource("2_xeqbr")

[node name="Wall11" type="CSGBox3D" parent="Walls"]
transform = Transform3D(-12.7088, 4.27318e-08, -3.30012e-14, 0, -1.23703e-08, -5, -1.91897e-06, -0.283, 2.18557e-07, 0.882722, 2.83986, -8.79577)
size = Vector3(0.491203, 1, 1.10535)
material = ExtResource("2_xeqbr")

[node name="Wall13" type="CSGBox3D" parent="Walls"]
transform = Transform3D(-12.7088, 4.27318e-08, -3.30012e-14, 0, -1.23703e-08, -5, -1.91897e-06, -0.283, 2.18557e-07, 2.56746, 9.05428, 9.37909)
size = Vector3(0.233871, 0.242918, 0.399817)
material = ExtResource("2_xeqbr")

[node name="Wall14" type="CSGBox3D" parent="Walls"]
transform = Transform3D(-12.7088, 4.27318e-08, -3.30012e-14, 0, -1.23703e-08, -5, -1.91897e-06, -0.283, 2.18557e-07, -1.11398, 1.03516, 9.43704)
size = Vector3(0.813225, 0.242918, 0.399817)
material = ExtResource("2_xeqbr")

[node name="Wall15" type="CSGBox3D" parent="Walls"]
transform = Transform3D(-12.7088, 4.5511e-08, -3.30012e-14, 0, -1.31749e-08, -5, -1.91897e-06, -0.301406, 2.18557e-07, -1.11398, 1.03516, -8.9418)
size = Vector3(0.813225, 0.242918, 0.399817)
material = ExtResource("2_xeqbr")

[node name="Wall12" type="CSGBox3D" parent="Walls"]
transform = Transform3D(-6.75, 4.27318e-08, -3.06845e-14, 0, -1.23703e-08, -4.649, -1.01922e-06, -0.283, 2.03214e-07, 3.963, 6.82652, -6.904)
size = Vector3(0.0175743, 14.0074, 1.40786)
material = ExtResource("2_xeqbr")

[node name="Floors" type="CSGCombiner3D" parent="."]

[node name="Floor3" type="CSGBox3D" parent="Floors"]
transform = Transform3D(-7.61285, 0, 0.0545077, 0, 0.283318, 0, -0.0891602, 0, -4.65408, 0.867113, 3.76938, -6.56288)
size = Vector3(0.79068, 1, 0.959473)
material = ExtResource("3_7x1af")

[node name="Floor4" type="CSGBox3D" parent="Floors"]
transform = Transform3D(-7.61337, 0, -4.069e-07, 0, 0.283318, 0, 6.65582e-07, 0, -4.6544, 2.56814, 7.92492, 7.18275)
size = Vector3(0.381164, 1, 0.91214)
material = ExtResource("3_7x1af")

[node name="Floor5" type="CSGBox3D" parent="Floors"]
transform = Transform3D(-12.7228, 0, -4.069e-07, 0, 0.283318, 0, 1.11226e-06, 0, -4.6544, -1.20597, 0.160283, 0.26856)
size = Vector3(0.802246, 1, 3.97296)
material = ExtResource("3_0gvfd")

[node name="Stairs" parent="." instance=ExtResource("2_0kl6n")]
transform = Transform3D(-0.996729, 3.05101e-09, -6.2972e-08, 0, 0.999391, 0.025154, 8.71368e-08, 0.0348995, -0.720316, -0.572403, 0.193959, -0.699402)

[node name="Stairs2" parent="." instance=ExtResource("2_0kl6n")]
transform = Transform3D(0.99619, 0, 0, 0, 1.25053, 0.000880092, 0, -0.00152781, 0.720364, 2.48035, 3.51335, 1.01938)
