[gd_scene load_steps=2 format=3 uid="uid://1egf3deqn1i5"]

[sub_resource type="CapsuleMesh" id="CapsuleMesh_ppv7e"]

[node name="Chair" type="Node3D"]

[node name="CSGBox3D" type="CSGBox3D" parent="."]
transform = Transform3D(0.802123, 0, -0.597159, 0, 1, 0, 0.597159, 0, 0.802123, 0, -0.45, 0)
size = Vector3(0.1, 0.1, 1)

[node name="CSGBox3D2" type="CSGBox3D" parent="."]
transform = Transform3D(-0.549509, 0, -0.835488, 0, 1, 0, 0.835488, 0, -0.549509, 0, -0.45, 0)
size = Vector3(0.1, 0.1, 1)

[node name="CSGCylinder3D" type="CSGCylinder3D" parent="."]
transform = Transform3D(0.0581449, 0, -0.998308, 0, 1, 0, 0.998308, 0, 0.0581449, 0, 0.127, 0)
radius = 0.0460751
height = 1.06496

[node name="CSGMesh3D" type="CSGMesh3D" parent="."]
transform = Transform3D(-8.74228e-09, -0.5244, 0, 0.2, -2.29222e-08, 0, 0, 0, 1, 0, 0.594722, 0)
mesh = SubResource("CapsuleMesh_ppv7e")

[node name="CSGMesh3D2" type="CSGMesh3D" parent="."]
transform = Transform3D(-8.74228e-09, -0.5244, 6.12279e-16, -0.0347296, 3.98041e-09, 0.689365, -0.196962, 2.2574e-08, -0.121554, 0, 1.488, -0.645)
mesh = SubResource("CapsuleMesh_ppv7e")

[node name="CSGBox3D3" type="CSGBox3D" parent="."]
transform = Transform3D(1, 0, 0, 0, 0.984808, 0.173648, 0, -0.173648, 0.984808, 0, 0.981, -0.523)
size = Vector3(0.0981445, 0.752441, 0.0649414)
